%		Simulation Results and Data
%Just Copy the file in Matlab
method = 3;
theta_i = 7.000000;
omega_i =0.000000;
g = 9.800000;
l= 9.800000;
df = 1.200000;
dw = 0.666667;
q = 0.500000
maxtime = 80.000000;
dt = 0.040000;
Theta = [
7.000000
6.998949
6.996920
6.993987
6.990222
6.985697
6.980484
6.974654
6.968276
6.961420
6.954154
6.946544
6.938656
6.930555
6.922304
6.913963
6.905593
6.897252
6.888997
6.880883
6.872962
6.865286
6.857903
6.850862
6.844206
6.837979
6.832221
6.826970
6.822262
6.818131
6.814608
6.811722
6.809500
6.807964
6.807138
6.807040
6.807686
6.809091
6.811266
6.814221
6.817962
6.822495
6.827820
6.833938
6.840846
6.848539
6.857011
6.866252
6.876252
6.886997
6.898472
6.910660
6.923542
6.937099
6.951307
6.966144
6.981583
6.997599
7.014164
7.031250
7.048824
7.066858
7.085319
7.104174
7.123390
7.142931
7.162765
7.182855
7.203165
7.223660
7.244303
7.265059
7.285889
7.306759
7.327631
7.348468
7.369235
7.389894
7.410410
7.430748
7.450871
7.470743
7.490331
7.509598
7.528512
7.547037
7.565139
7.582787
7.599945
7.616582
7.632666
7.648164
7.663045
7.677277
7.690828
7.703668
7.715767
7.727094
7.737618
7.747311
7.756142
7.764082
7.771102
7.777173
7.782266
7.786352
7.789403
7.791392
7.792289
7.792068
7.790702
7.788164
7.784426
7.779463
7.773249
7.765759
7.756970
7.746856
7.735395
7.722565
7.708344
7.692713
7.675652
7.657144
7.637171
7.615720
7.592778
7.568332
7.542375
7.514898
7.485897
7.455370
7.423318
7.389744
7.354653
7.318057
7.279967
7.240400
7.199377
7.156919
7.113057
7.067820
7.021244
6.973368
6.924237
6.873897
6.822399
6.769798
6.716153
6.661525
6.605980
6.549585
6.492411
6.434530
6.376017
6.316947
6.257398
6.197446
6.137170
6.076647
6.015952
5.955161
5.894348
5.833583
5.772936
5.712472
5.652256
5.592345
5.532796
5.473660
5.414987
5.356818
5.299194
5.242150
5.185718
5.129922
5.074788
5.020332
4.966571
4.913514
4.861170
4.809542
4.758632
4.708437
4.658954
4.610173
4.562087
4.514683
4.467947
4.421865
4.376420
4.331594
4.287366
4.243719
4.200630
4.158078
4.116042
4.074498
4.033425
3.992799
3.952599
3.912801
3.873382
3.834322
3.795597
3.757186
3.719068
3.681222
3.643629
3.606267
3.569118
3.532163
3.495385
3.458766
3.422289
3.385938
3.349698
3.313554
3.277492
3.241499
3.205562
3.169669
3.133809
3.097972
3.062147
3.026327
2.990503
2.954667
2.918813
2.882936
2.847029
2.811089
2.775113
2.739099
2.703043
2.666947
2.630809
2.594632
2.558416
2.522166
2.485885
2.449577
2.413249
2.376908
2.340561
2.304218
2.267889
2.231584
2.195315
2.159097
2.122942
2.086867
2.050887
2.015020
1.979283
1.943697
1.908282
1.873058
1.838047
1.803272
1.768757
1.734525
1.700602
1.667013
1.633784
1.600941
1.568510
1.536519
1.504994
1.473963
1.443452
1.413488
1.384097
1.355306
1.327140
1.299624
1.272783
1.246639
1.221216
1.196534
1.172615
1.149477
1.127138
1.105615
1.084922
1.065073
1.046080
1.027953
1.010699
0.994326
0.978839
0.964239
0.950529
0.937706
0.925768
0.914710
0.904526
0.895206
0.886739
0.879114
0.872315
0.866326
0.861130
0.856706
0.853032
0.850085
0.847841
0.846273
0.845353
0.845051
0.845337
0.846180
0.847545
0.849398
0.851705
0.854429
0.857532
0.860977
0.864725
0.868736
0.872971
0.877389
0.881949
0.886610
0.891330
0.896069
0.900783
0.905431
0.909971
0.914362
0.918562
0.922529
0.926223
0.929602
0.932627
0.935256
0.937452
0.939175
0.940386
0.941049
0.941126
0.940581
0.939379
0.937486
0.934868
0.931493
0.927330
0.922348
0.916517
0.909811
0.902202
0.893665
0.884176
0.873713
0.862254
0.849780
0.836274
0.821718
0.806100
0.789406
0.771626
0.752751
0.732774
0.711692
0.689502
0.666204
0.641800
0.616294
0.589694
0.562009
0.533250
0.503432
0.472572
0.440688
0.407802
0.373938
0.339123
0.303384
0.266753
0.229264
0.190950
0.151850
0.112001
0.071446
0.030225
-0.011617
-0.054036
-0.096985
-0.140419
-0.184290
-0.228551
-0.273153
-0.318050
-0.363192
-0.408534
-0.454028
-0.499629
-0.545292
-0.590974
-0.636632
-0.682226
-0.727716
-0.773065
-0.818237
-0.863199
-0.907919
-0.952366
-0.996513
-1.040335
-1.083807
-1.126908
-1.169619
-1.211921
-1.253799
-1.295238
-1.336228
-1.376757
-1.416816
-1.456398
-1.495496
-1.534107
-1.572227
-1.609854
-1.646986
-1.683622
-1.719764
-1.755413
-1.790569
-1.825236
-1.859416
-1.893112
-1.926327
-1.959065
-1.991330
-2.023124
-2.054451
-2.085316
-2.115720
-2.145668
-2.175161
-2.204202
-2.232794
-2.260938
-2.288635
-2.315885
-2.342690
-2.369049
-2.394960
-2.420423
-2.445436
-2.469995
-2.494097
-2.517739
-2.540916
-2.563622
-2.585852
-2.607599
-2.628856
-2.649614
-2.669865
-2.689599
-2.708807
-2.727477
-2.745598
-2.763158
-2.780144
-2.796542
-2.812338
-2.827518
-2.842065
-2.855964
-2.869197
-2.881747
-2.893597
-2.904726
-2.915116
-2.924746
-2.933597
-2.941646
-2.948872
-2.955252
-2.960764
-2.965384
-2.969087
-2.971849
-2.973645
-2.974448
-2.974233
-2.972972
-2.970638
-2.967202
-2.962636
-2.956912
-2.949998
-2.941865
-2.932482
-2.921818
-2.909841
-2.896518
-2.881816
-2.865702
-2.848143
-2.829102
-2.808547
-2.786441
-2.762748
-2.737433
-2.710460
-2.681791
-2.651391
-2.619223
-2.585250
-2.549437
-2.511747
-2.472145
-2.430598
-2.387072
-2.341536
-2.293959
-2.244313
-2.192575
-2.138720
-2.082730
-2.024590
-1.964290
-1.901824
-1.837192
-1.770401
-1.701464
-1.630402
-1.557246
-1.482033
-1.404810
-1.325637
-1.244581
-1.161720
-1.077144
-0.990955
-0.903262
-0.814190
-0.723868
-0.632439
-0.540053
-0.446867
-0.353045
-0.258756
-0.164173
-0.069468
0.025183
0.119606
0.213633
0.307097
0.399838
0.491705
0.582553
0.672248
0.760666
0.847695
0.933231
1.017185
1.099477
1.180041
1.258821
1.335769
1.410852
1.484042
1.555323
1.624686
1.692128
1.757656
1.821278
1.883012
1.942877
2.000898
2.057100
2.111514
2.164170
2.215101
2.264340
2.311921
2.357879
2.402246
2.445057
2.486344
2.526138
2.564470
2.601369
2.636863
2.670978
2.703739
2.735168
2.765287
2.794116
2.821673
2.847973
2.873030
2.896859
2.919469
2.940870
2.961070
2.980075
2.997890
3.014517
3.029959
3.044215
3.057286
3.069167
3.079856
3.089349
3.097638
3.104717
3.110577
3.115209
3.118604
3.120749
3.121632
3.121240
3.119559
3.116574
3.112269
3.106627
3.099632
3.091264
3.081505
3.070334
3.057731
3.043675
3.028143
3.011112
2.992559
2.972459
2.950788
2.927520
2.902628
2.876086
2.847866
2.817940
2.786281
2.752860
2.717648
2.680616
2.641737
2.600980
2.558320
2.513728
2.467179
2.418648
2.368111
2.315548
2.260940
2.204270
2.145528
2.084704
2.021794
1.956800
1.889728
1.820592
1.749413
1.676218
1.601045
1.523939
1.444954
1.364158
1.281624
1.197441
1.111704
1.024523
0.936016
0.846314
0.755556
0.663891
0.571475
0.478474
0.385058
0.291402
0.197684
0.104085
0.010784
-0.082040
-0.174212
-0.265562
-0.355925
-0.445145
-0.533073
-0.619569
-0.704506
-0.787764
-0.869236
-0.948827
-1.026450
-1.102032
-1.175509
-1.246828
-1.315944
-1.382823
-1.447437
-1.509768
-1.569804
-1.627537
-1.682967
-1.736098
-1.786937
-1.835494
-1.881784
-1.925822
-1.967625
-2.007210
-2.044598
-2.079807
-2.112855
-2.143762
-2.172545
-2.199222
-2.223808
-2.246318
-2.266765
-2.285162
-2.301518
-2.315842
-2.328141
-2.338421
-2.346684
-2.352932
-2.357166
-2.359383
-2.359580
-2.357753
-2.353894
-2.347995
-2.340048
-2.330041
-2.317962
-2.303798
-2.287535
-2.269158
-2.248651
-2.225999
-2.201184
-2.174191
-2.145002
-2.113602
-2.079975
-2.044108
-2.005986
-1.965598
-1.922935
-1.877991
-1.830760
-1.781244
-1.729444
-1.675368
-1.619030
-1.560447
-1.499644
-1.436650
-1.371505
-1.304252
-1.234946
-1.163647
-1.090426
-1.015362
-0.938542
-0.860063
-0.780031
-0.698559
-0.615770
-0.531792
-0.446763
-0.360825
-0.274124
-0.186810
-0.099039
-0.010963
0.077262
0.165484
0.253551
0.341318
0.428642
0.515390
0.601432
0.686650
0.770932
0.854177
0.936293
1.017199
1.096823
1.175103
1.251989
1.327437
1.401416
1.473901
1.544876
1.614333
1.682271
1.748695
1.813617
1.877053
1.939022
1.999551
2.058667
2.116401
2.172786
2.227857
2.281651
2.334205
2.385556
2.435745
2.484807
2.532783
2.579710
2.625624
2.670562
2.714559
2.757649
2.799866
2.841240
2.881803
2.921583
2.960607
2.998903
3.036493
3.073401
3.109650
3.145258
3.180245
3.214628
3.248423
3.281643
3.314303
3.346413
3.377985
3.409028
3.439550
3.469557
3.499056
3.528052
3.556547
3.584547
3.612051
3.639062
3.665579
3.691603
3.717133
3.742166
3.766700
3.790733
3.814262
3.837282
3.859790
3.881781
3.903251
3.924194
3.944607
3.964483
3.983818
4.002606
4.020843
4.038523
4.055641
4.072194
4.088175
4.103582
4.118411
4.132658
4.146320
4.159394
4.171879
4.183774
4.195076
4.205785
4.215903
4.225429
4.234365
4.242714
4.250479
4.257662
4.264269
4.270305
4.275775
4.280687
4.285048
4.288867
4.292153
4.294915
4.297165
4.298914
4.300175
4.300960
4.301284
4.301162
4.300609
4.299642
4.298277
4.296533
4.294427
4.291980
4.289211
4.286141
4.282792
4.279184
4.275341
4.271286
4.267044
4.262637
4.258092
4.253433
4.248687
4.243881
4.239042
4.234197
4.229374
4.224602
4.219911
4.215330
4.210888
4.206617
4.202547
4.198709
4.195137
4.191860
4.188912
4.186327
4.184136
4.182375
4.181077
4.180277
4.180009
4.180309
4.181212
4.182755
4.184972
4.187901
4.191578
4.196041
4.201326
4.207472
4.214515
4.222494
4.231446
4.241409
4.252422
4.264522
4.277747
4.292135
4.307724
4.324550
4.342650
4.362061
4.382818
4.404956
4.428509
4.453510
4.479991
4.507983
4.537513
4.568610
4.601298
4.635601
4.671539
4.709129
4.748387
4.789324
4.831949
4.876265
4.922273
4.969969
5.019343
5.070383
5.123069
5.177377
5.233276
5.290732
5.349703
5.410141
5.471993
5.535199
5.599693
5.665405
5.732258
5.800170
5.869056
5.938825
6.009382
6.080630
6.152469
6.224798
6.297513
6.370512
6.443692
6.516953
6.590193
6.663318
6.736234
6.808852
6.881086
6.952859
7.024095
7.094727
7.164693
7.233937
7.302410
7.370070
7.436880
7.502810
7.567839
7.631947
7.695122
7.757360
7.818659
7.879023
7.938461
7.996985
8.054612
8.111362
8.167257
8.222325
8.276594
8.330093
8.382856
8.434917
8.486311
8.537074
8.587244
8.636858
8.685955
8.734573
8.782752
8.830529
8.877944
8.925035
8.971838
9.018393
9.064734
9.110900
9.156925
9.202844
9.248691
9.294497
9.340297
9.386120
9.431996
9.477955
9.524023
9.570228
9.616593
9.663144
9.709903
9.756889
9.804123
9.851622
9.899402
9.947476
9.995858
10.044558
10.093582
10.142939
10.192630
10.242657
10.293017
10.343709
10.394724
10.446052
10.497680
10.549593
10.601772
10.654195
10.706835
10.759664
10.812649
10.865755
10.918943
10.972171
11.025392
11.078556
11.131613
11.184506
11.237179
11.289569
11.341615
11.393250
11.444409
11.495022
11.545019
11.594330
11.642882
11.690604
11.737424
11.783271
11.828074
11.871765
11.914274
11.955537
11.995489
12.034069
12.071218
12.106882
12.141007
12.173546
12.204452
12.233684
12.261206
12.286983
12.310987
12.333194
12.353581
12.372134
12.388841
12.403693
12.416688
12.427826
12.437113
12.444557
12.450172
12.453976
12.455989
12.456236
12.454745
12.451550
12.446686
12.440190
12.432106
12.422478
12.411354
12.398786
12.384825
12.369528
12.352953
12.335160
12.316212
12.296171
12.275105
12.253078
12.230159
12.206418
12.181925
12.156749
12.130962
12.104636
12.077843
12.050653
12.023137
11.995368
11.967415
11.939347
11.911235
11.883145
11.855145
11.827299
11.799673
11.772329
11.745330
11.718734
11.692600
11.666986
11.641947
11.617536
11.593804
11.570804
11.548582
11.527186
11.506662
11.487054
11.468404
11.450753
11.434141
11.418606
11.404184
11.390911
11.378821
11.367948
11.358321
11.349973
11.342931
11.337225
11.332881
11.329926
11.328382
11.328277
11.329630
11.332463
11.336797
11.342650
11.350040
11.358984
11.369495
11.381588
11.395273
11.410561
11.427459
11.445974
11.466111
11.487872
11.511256
11.536261
11.562881
11.591108
11.620934
11.652343
11.685319
11.719842
11.755890
11.793436
11.832450
11.872898
11.914744
11.957948
12.002465
12.048248
12.095246
12.143405
12.192667
12.242972
12.294257
12.346456
12.399500
12.453320
12.507842
12.562995
12.618704
12.674894
12.731491
12.788420
12.845606
12.902976
12.960458
13.017982
13.075480
13.132886
13.190138
13.247175
13.303942
13.360384
13.416451
13.472098
13.527283
13.581965
13.636112
13.689692
13.742679
13.795047
13.846778
13.897855
13.948265
13.997998
14.047048
14.095409
14.143082
14.190065
14.236363
14.281981
14.326924
14.371203
14.414828
14.457810
14.500162
14.541896
14.583027
14.623570
14.663542
14.702956
14.741830
14.780180
14.818022
14.855371
14.892246
14.928661
14.964632
15.000174
15.035301
15.070029
15.104371
15.138341
15.171951
15.205215
15.238142
15.270744
15.303032
15.335014
15.366701
15.398100
15.429219
15.460065
15.490644
15.520961
15.551021
15.580828
15.610386
15.639697
15.668763
15.697586
15.726167
15.754505
15.782601
15.810453
15.838059
15.865417
15.892525
15.919377
15.945972
15.972304
15.998368
16.024158
16.049669
16.074896
16.099829
16.124462
16.148788
16.172800
16.196487
16.219843
16.242857
16.265520
16.287823
16.309757
16.331312
16.352478
16.373245
16.393604
16.413544
16.433054
16.452126
16.470749
16.488913
16.506609
16.523827
16.540556
16.556789
16.572517
16.587732
16.602425
16.616589
16.630215
16.643297
16.655830
16.667807
16.679222
16.690071
16.700350
16.710054
16.719183
16.727732
16.735701
16.743088
16.749895
16.756121
16.761766
16.766836
16.771332
16.775257
16.778616
16.781416
16.783661
16.785358
16.786516
16.787144
16.787251
16.786844
16.785938
16.784544
16.782673
16.780338
16.777554
16.774334
16.770695
16.766653
16.762224
16.757425
16.752275
16.746792
16.740995
16.734905
16.728542
16.721928
16.715082
16.708027
16.700787
16.693382
16.685839
16.678181
16.670431
16.662617
16.654762
16.646893
16.639036
16.631218
16.623466
16.615808
16.608273
16.600885
16.593678
16.586678
16.579916
16.573423
16.567228
16.561361
16.555855
16.550741
16.546051
16.541817
16.538073
16.534851
16.532185
16.530109
16.528658
16.527866
16.527769
16.528402
16.529802
16.532005
16.535048
16.538967
16.543802
16.549589
16.556366
16.564173
16.573048
16.583031
16.594160
16.606474
16.620014
16.634819
16.650928
16.668383
16.687222
16.707483
16.729206
16.752430
16.777191
16.803528
16.831474
16.861067
16.892338
16.925322
16.960047
16.996542
17.034834
17.074945
17.116898
17.160707
17.206390
17.253954
17.303406
17.354746
17.407970
17.463068
17.520025
17.578821
17.639425
17.701805
17.765917
17.831713
17.899136
17.968122
18.038603
18.110497
18.183720
18.258179
18.333775
18.410404
18.487959
18.566322
18.645380
18.725010
18.805088
18.885494
18.966105
19.046797
19.127453
19.207954
19.288191
19.368053
19.447443
19.526262
19.604422
19.681843
19.758450
19.834179
19.908972
19.982780
20.055565
20.127291
20.197933
20.267473
20.335901
20.403214
20.469412
20.534504
20.598503
20.661428
20.723301
20.784149
20.844002
20.902891
20.960855
21.017931
21.074158
21.129578
21.184233
21.238167
21.291424
21.344049
21.396088
21.447582
21.498579
21.549122
21.599255
21.649021
21.698463
21.747622
21.796537
21.845249
21.893795
21.942213
21.990538
22.038805
22.087048
22.135296
22.183580
22.231930
22.280369
22.328924
22.377619
22.426474
22.475506
22.524734
22.574175
22.623838
22.673735
22.723873
22.774258
22.824890
22.875772
22.926901
22.978270
23.029869
23.081688
23.133709
23.185915
23.238285
23.290794
23.343412
23.396109
23.448849
23.501593
23.554300
23.606924
23.659418
23.711731
23.763807
23.815594
23.867029
23.918053
23.968601
24.018610
24.068012
24.116743
24.164732
24.211912
24.258217
24.303576
24.347921
24.391188
24.433311
24.474228
24.513874
24.552193
24.589127
24.624622
24.658628
24.691097
24.721985
24.751251
24.778858
24.804775
24.828972
24.851425
24.872112
24.891018
24.908131
24.923441
24.936945
24.948645
24.958542
24.966648
24.972973
24.977533
24.980350
24.981447
24.980852
24.978594
24.974709
24.969233
24.962206
24.953674
24.943682
24.932280
24.919518
24.905451
24.890137
24.873632
24.855997
24.837296
24.817589
24.796944
24.775427
24.753103
24.730043
24.706316
24.681990
24.657133
24.631819
24.606115
24.580091
24.553818
24.527363
24.500795
24.474184
24.447594
24.421091
24.394739
24.368603
24.342745
24.317225
24.292101
24.267433
24.243277
24.219687
24.196718
24.174421
24.152845
24.132040
24.112053
24.092928
24.074711
24.057444
24.041166
24.025919
24.011742
23.998669
23.986738
23.975983
23.966434
23.958126
23.951088
23.945351
23.940941
23.937885
23.936211
23.935940
23.937098
23.939705
23.943783
23.949350
23.956425
23.965025
23.975164
23.986856
24.000113
24.014944
24.031359
24.049362
24.068960
24.090153
24.112942
24.137323
24.163294
24.190844
24.219963
24.250639
24.282854
24.316589
24.351822
24.388527
24.426674
24.466228
24.507156
24.549417
24.592970
24.637766
24.683756
24.730886
24.779102
24.828344
24.878550
24.929657
24.981598
25.034304
25.087706
25.141733
25.196314
25.251375
25.306843
25.362646
25.418711
25.474968
25.531347
25.587780
25.644199
25.700542
25.756746
25.812754
25.868509
25.923962
25.979059
26.033758
26.088018
26.141800
26.195068
26.247791
26.299944
26.351501
26.402443
26.452753
26.502417
26.551424
26.599768
26.647442
26.694443
26.740772
26.786430
26.831423
26.875753
26.919430
26.962461
27.004860
27.046635
27.087797
27.128361
27.168341
27.207748
27.246599
27.284908
27.322691
27.359961
27.396734
27.433025
27.468847
27.504215
27.539145
27.573647
27.607735
27.641422
27.674723
27.707645
27.740202
27.772404
27.804258
27.835777
27.866966
27.897835
27.928391
27.958637
27.988583
28.018232
28.047588
28.076656
28.105438
28.133936
28.162151
28.190086
28.217739
28.245111
28.272202
28.299007
28.325525
28.351755
28.377691
28.403332
28.428671
28.453705
28.478426
28.502831
28.526911
28.550659
28.574068
28.597132
28.619841
28.642187
28.664162
28.685755
28.706957
28.727760
28.748154
28.768126
28.787668
28.806770
28.825420
28.843609
28.861324
28.878557
28.895296
28.911531
28.927252
28.942448
28.957108
28.971222
28.984781
28.997776
29.010197
29.022036
29.033281
29.043928
29.053967
29.063389
29.072189
29.080360
29.087896
29.094791
29.101042
29.106642
29.111588
29.115875
29.119501
29.122465
29.124763
29.126396
29.127363
29.127665
29.127300
29.126272
29.124582
29.122232
29.119226
29.115568
29.111263
29.106316
29.100729
29.094511
29.087669
29.080210
29.072140
29.063467
29.054199
29.044348
29.033920
29.022926
29.011375
28.999279
28.986647
28.973490
28.959820
28.945648
28.930986
28.915846
28.900240
28.884180
28.867678
28.850746
28.833399
28.815647
28.797504
28.778984
28.760098
28.740858
28.721279
28.701374
28.681154
28.660635
28.639828
28.618744
28.597399
28.575804
28.553972
28.531918
28.509653
28.487190
28.464540
28.441719
28.418737
28.395609
28.372345
28.348959
28.325462
28.301870
28.278193
28.254444
28.230637
28.206783
28.182896
28.158987
28.135071
28.111160
28.087267
28.063404
28.039585
28.015823
27.992132
27.968525
27.945013
27.921612
27.898335
27.875195
27.852205
27.829380
27.806734
27.784279
27.762030
27.740002
27.718206
27.696659
27.675373
27.654362
27.633638
27.613218
27.593115
27.573341
27.553909
27.534834
27.516129
27.497805
27.479877
27.462357
27.445255
27.428585
27.412357
27.396585
27.381277
27.366444
27.352095
27.338240
27.324888
27.312048
27.299728
27.287935
27.276674
27.265951
27.255774
27.246143
27.237066
27.228544
27.220579
27.213175
27.206329
27.200045
27.194319
27.189152
27.184540
27.180481
27.176970
27.174002
27.171570
27.169670
27.168293
27.167431
27.167074
27.167213
27.167839
27.168938
27.170498
27.172506
27.174948
27.177811
27.181076
27.184731
27.188757
27.193136
27.197851
27.202885
27.208214
27.213821
27.219685
27.225784
27.232098
27.238602
27.245274
27.252090
27.259027
27.266060
27.273163
27.280312
27.287479
27.294640
27.301765
27.308830
27.315805
27.322662
27.329374
27.335911
27.342241
27.348337
27.354168
27.359703
27.364910
27.369759
27.374216
27.378252
27.381832
27.384922
27.387489
27.389500
27.390921
27.391716
27.391850
27.391287
27.389992
27.387928
27.385057
27.381346
27.376753
27.371243
27.364777

];
Omega = [
0.000000
-0.026279
-0.050722
-0.073335
-0.094130
-0.113120
-0.130323
-0.145755
-0.159438
-0.171397
-0.181656
-0.190244
-0.197191
-0.202529
-0.206293
-0.208520
-0.209249
-0.208519
-0.206374
-0.202859
-0.198018
-0.191902
-0.184558
-0.176038
-0.166396
-0.155685
-0.143960
-0.131278
-0.117697
-0.103276
-0.088073
-0.072149
-0.055564
-0.038380
-0.020658
-0.002459
0.016155
0.035121
0.054380
0.073870
0.093531
0.113303
0.133127
0.152945
0.172701
0.192337
0.211799
0.231035
0.249992
0.268621
0.286872
0.304700
0.322060
0.338908
0.355204
0.370909
0.385988
0.400404
0.414127
0.427127
0.439375
0.450847
0.461520
0.471373
0.480386
0.488545
0.495834
0.502242
0.507759
0.512375
0.516085
0.518885
0.520770
0.521741
0.521796
0.520938
0.519168
0.516491
0.512911
0.508435
0.503067
0.496815
0.489687
0.481690
0.472833
0.463123
0.452570
0.441182
0.428968
0.415935
0.402093
0.387449
0.372011
0.355787
0.338784
0.321010
0.302470
0.283171
0.263119
0.242321
0.220781
0.198506
0.175501
0.151770
0.127320
0.102157
0.076284
0.049710
0.022440
-0.005519
-0.034159
-0.063471
-0.093447
-0.124074
-0.155342
-0.187237
-0.219743
-0.252845
-0.286522
-0.320754
-0.355517
-0.390785
-0.426529
-0.462716
-0.499312
-0.536277
-0.573568
-0.611141
-0.648943
-0.686921
-0.725017
-0.763168
-0.801306
-0.839360
-0.877256
-0.914912
-0.952247
-0.989172
-1.025598
-1.061430
-1.096573
-1.130930
-1.164402
-1.196888
-1.228290
-1.258510
-1.287451
-1.315020
-1.341128
-1.365690
-1.388628
-1.409871
-1.429354
-1.447022
-1.462830
-1.476742
-1.488732
-1.498787
-1.506904
-1.513092
-1.517370
-1.519771
-1.520335
-1.519115
-1.516174
-1.511582
-1.505418
-1.497768
-1.488724
-1.478382
-1.466844
-1.454213
-1.440594
-1.426095
-1.410821
-1.394876
-1.378365
-1.361387
-1.344040
-1.326416
-1.308605
-1.290691
-1.272752
-1.254864
-1.237095
-1.219507
-1.202159
-1.185102
-1.168386
-1.152050
-1.136132
-1.120665
-1.105676
-1.091189
-1.077223
-1.063793
-1.050913
-1.038590
-1.026831
-1.015638
-1.005013
-0.994954
-0.985456
-0.976514
-0.968122
-0.960270
-0.952947
-0.946144
-0.939848
-0.934044
-0.928721
-0.923863
-0.919455
-0.915480
-0.911925
-0.908771
-0.906001
-0.903600
-0.901549
-0.899831
-0.898429
-0.897323
-0.896496
-0.895930
-0.895606
-0.895504
-0.895607
-0.895894
-0.896346
-0.896943
-0.897664
-0.898490
-0.899399
-0.900370
-0.901382
-0.902412
-0.903438
-0.904436
-0.905385
-0.906259
-0.907036
-0.907690
-0.908197
-0.908530
-0.908666
-0.908578
-0.908240
-0.907626
-0.906709
-0.905464
-0.903865
-0.901884
-0.899498
-0.896679
-0.893405
-0.889650
-0.885390
-0.880605
-0.875271
-0.869369
-0.862881
-0.855787
-0.848074
-0.839726
-0.830732
-0.821081
-0.810765
-0.799779
-0.788119
-0.775785
-0.762779
-0.749103
-0.734766
-0.719777
-0.704149
-0.687896
-0.671037
-0.653591
-0.635583
-0.617037
-0.597983
-0.578449
-0.558470
-0.538081
-0.517318
-0.496220
-0.474828
-0.453185
-0.431334
-0.409321
-0.387190
-0.364989
-0.342766
-0.320568
-0.298444
-0.276443
-0.254614
-0.233004
-0.211662
-0.190635
-0.169971
-0.149715
-0.129913
-0.110608
-0.091845
-0.073663
-0.056104
-0.039206
-0.023006
-0.007540
0.007159
0.021058
0.034128
0.046341
0.057670
0.068091
0.077583
0.086123
0.093696
0.100283
0.105871
0.110447
0.114001
0.116524
0.118010
0.118454
0.117852
0.116205
0.113511
0.109773
0.104995
0.099182
0.092341
0.084481
0.075611
0.065744
0.054890
0.043065
0.030284
0.016564
0.001923
-0.013619
-0.030043
-0.047326
-0.065444
-0.084373
-0.104087
-0.124558
-0.145758
-0.167657
-0.190223
-0.213423
-0.237222
-0.261584
-0.286471
-0.311844
-0.337663
-0.363883
-0.390462
-0.417352
-0.444506
-0.471876
-0.499409
-0.527053
-0.554754
-0.582457
-0.610105
-0.637639
-0.665000
-0.692129
-0.718964
-0.745445
-0.771510
-0.797098
-0.822147
-0.846597
-0.870389
-0.893465
-0.915768
-0.937245
-0.957843
-0.977513
-0.996209
-1.013889
-1.030514
-1.046051
-1.060468
-1.073741
-1.085849
-1.096778
-1.106515
-1.115058
-1.122405
-1.128563
-1.133542
-1.137357
-1.140029
-1.141582
-1.142046
-1.141454
-1.139843
-1.137252
-1.133724
-1.129305
-1.124042
-1.117984
-1.111180
-1.103682
-1.095540
-1.086806
-1.077531
-1.067763
-1.057554
-1.046949
-1.035996
-1.024737
-1.013217
-1.001474
-0.989547
-0.977470
-0.965278
-0.953000
-0.940664
-0.928295
-0.915917
-0.903549
-0.891209
-0.878912
-0.866671
-0.854497
-0.842399
-0.830382
-0.818451
-0.806609
-0.794855
-0.783189
-0.771609
-0.760110
-0.748686
-0.737331
-0.726036
-0.714793
-0.703592
-0.692420
-0.681267
-0.670120
-0.658965
-0.647788
-0.636575
-0.625310
-0.613978
-0.602564
-0.591050
-0.579421
-0.567660
-0.555749
-0.543673
-0.531412
-0.518951
-0.506272
-0.493358
-0.480190
-0.466753
-0.453028
-0.438998
-0.424646
-0.409955
-0.394909
-0.379490
-0.363682
-0.347468
-0.330832
-0.313758
-0.296230
-0.278232
-0.259748
-0.240763
-0.221262
-0.201230
-0.180651
-0.159512
-0.137797
-0.115491
-0.092582
-0.069054
-0.044893
-0.020085
0.005384
0.031526
0.058358
0.085891
0.114141
0.143119
0.172842
0.203321
0.234570
0.266604
0.299435
0.333077
0.367542
0.402844
0.438995
0.476006
0.513890
0.552656
0.592314
0.632871
0.674336
0.716712
0.760002
0.804205
0.849320
0.895338
0.942249
0.990037
1.038680
1.088150
1.138412
1.189422
1.241129
1.293468
1.346368
1.399742
1.453493
1.507507
1.561657
1.615802
1.669783
1.723425
1.776537
1.828913
1.880331
1.930554
1.979334
2.026412
2.071520
2.114387
2.154739
2.192305
2.226823
2.258040
2.285722
2.309653
2.329647
2.345545
2.357224
2.364595
2.367612
2.366266
2.360592
2.350664
2.336596
2.318536
2.296667
2.271203
2.242381
2.210457
2.175704
2.138404
2.098846
2.057317
2.014103
1.969480
1.923715
1.877062
1.829758
1.782025
1.734066
1.686063
1.638181
1.590567
1.543347
1.496631
1.450509
1.405059
1.360340
1.316400
1.273272
1.230980
1.189535
1.148940
1.109190
1.070272
1.032169
0.994855
0.958302
0.922479
0.887349
0.852875
0.819017
0.785734
0.752984
0.720723
0.688908
0.657497
0.626445
0.595712
0.565253
0.535029
0.504999
0.475123
0.445364
0.415683
0.386044
0.356414
0.326756
0.297040
0.267234
0.237306
0.207228
0.176971
0.146507
0.115812
0.084858
0.053621
0.022077
-0.009796
-0.042022
-0.074623
-0.107620
-0.141035
-0.174887
-0.209197
-0.243985
-0.279270
-0.315073
-0.351411
-0.388303
-0.425769
-0.463825
-0.502489
-0.541779
-0.581709
-0.622297
-0.663556
-0.705498
-0.748136
-0.791478
-0.835533
-0.880304
-0.925792
-0.971995
-1.018905
-1.066511
-1.114794
-1.163729
-1.213284
-1.263417
-1.314078
-1.365207
-1.416730
-1.468563
-1.520606
-1.572747
-1.624858
-1.676794
-1.728395
-1.779483
-1.829865
-1.879332
-1.927657
-1.974602
-2.019916
-2.063336
-2.104593
-2.143415
-2.179527
-2.212660
-2.242552
-2.268954
-2.291636
-2.310387
-2.325027
-2.335404
-2.341401
-2.342940
-2.339979
-2.332520
-2.320602
-2.304306
-2.283749
-2.259084
-2.230495
-2.198195
-2.162417
-2.123415
-2.081455
-2.036811
-1.989761
-1.940584
-1.889551
-1.836926
-1.782964
-1.727903
-1.671967
-1.615363
-1.558278
-1.500885
-1.443333
-1.385756
-1.328269
-1.270971
-1.213942
-1.157249
-1.100945
-1.045067
-0.989643
-0.934689
-0.880212
-0.826209
-0.772670
-0.719580
-0.666915
-0.614649
-0.562751
-0.511186
-0.459917
-0.408904
-0.358106
-0.307480
-0.256985
-0.206575
-0.156208
-0.105840
-0.055429
-0.004933
0.045688
0.096474
0.147461
0.198685
0.250179
0.301974
0.354097
0.406574
0.459424
0.512665
0.566309
0.620365
0.674836
0.729717
0.785000
0.840667
0.896695
0.953050
1.009691
1.066566
1.123614
1.180761
1.237922
1.295001
1.351886
1.408455
1.464571
1.520085
1.574832
1.628636
1.681311
1.732657
1.782467
1.830525
1.876611
1.920501
1.961974
2.000809
2.036795
2.069731
2.099431
2.125724
2.148465
2.167532
2.182830
2.194295
2.201895
2.205632
2.205539
2.201683
2.194165
2.183112
2.168682
2.151057
2.130440
2.107051
2.081126
2.052908
2.022649
1.990600
1.957014
1.922137
1.886211
1.849464
1.812117
1.774375
1.736428
1.698454
1.660612
1.623046
1.585887
1.549246
1.513222
1.477900
1.443349
1.409627
1.376781
1.344844
1.313843
1.283793
1.254702
1.226571
1.199394
1.173160
1.147852
1.123449
1.099927
1.077259
1.055415
1.034363
1.014068
0.994497
0.975613
0.957379
0.939759
0.922716
0.906212
0.890211
0.874676
0.859571
0.844861
0.830513
0.816491
0.802764
0.789300
0.776068
0.763039
0.750183
0.737475
0.724888
0.712396
0.699977
0.687609
0.675269
0.662939
0.650599
0.638234
0.625826
0.613362
0.600827
0.588212
0.575504
0.562695
0.549777
0.536743
0.523589
0.510310
0.496904
0.483369
0.469706
0.455915
0.442000
0.427963
0.413810
0.399547
0.385181
0.370720
0.356173
0.341551
0.326865
0.312128
0.297352
0.282551
0.267741
0.252936
0.238153
0.223408
0.208720
0.194106
0.179584
0.165173
0.150893
0.136763
0.122802
0.109031
0.095470
0.082138
0.069057
0.056246
0.043725
0.031515
0.019636
0.008106
-0.003053
-0.013823
-0.024184
-0.034118
-0.043607
-0.052632
-0.061175
-0.069219
-0.076747
-0.083742
-0.090188
-0.096069
-0.101369
-0.106073
-0.110167
-0.113636
-0.116466
-0.118644
-0.120155
-0.120988
-0.121130
-0.120567
-0.119288
-0.117282
-0.114536
-0.111039
-0.106781
-0.101750
-0.095936
-0.089328
-0.081916
-0.073690
-0.064640
-0.054756
-0.044029
-0.032449
-0.020007
-0.006695
0.007497
0.022577
0.038554
0.055434
0.073225
0.091935
0.111570
0.132135
0.153637
0.176080
0.199467
0.223801
0.249085
0.275318
0.302500
0.330629
0.359702
0.389711
0.420649
0.452507
0.485271
0.518926
0.553453
0.588830
0.625032
0.662028
0.699786
0.738265
0.777422
0.817208
0.857568
0.898440
0.939759
0.981449
1.023429
1.065612
1.107903
1.150200
1.192392
1.234364
1.275993
1.317149
1.357696
1.397496
1.436403
1.474270
1.510949
1.546288
1.580139
1.612356
1.642797
1.671327
1.697816
1.722148
1.744215
1.763926
1.781201
1.795979
1.808216
1.817885
1.824978
1.829509
1.831508
1.831024
1.828126
1.822898
1.815441
1.805871
1.794313
1.780907
1.765799
1.749143
1.731099
1.711827
1.691491
1.670251
1.648269
1.625699
1.602694
1.579397
1.555947
1.532475
1.509102
1.485942
1.463100
1.440672
1.418745
1.397397
1.376699
1.356712
1.337489
1.319078
1.301518
1.284841
1.269075
1.254240
1.240353
1.227423
1.215459
1.204463
1.194433
1.185367
1.177256
1.170092
1.163861
1.158551
1.154145
1.150625
1.147971
1.146163
1.145178
1.144992
1.145579
1.146914
1.148969
1.151713
1.155118
1.159149
1.163773
1.168956
1.174660
1.180845
1.187471
1.194495
1.201871
1.209551
1.217485
1.225621
1.233902
1.242272
1.250667
1.259026
1.267280
1.275362
1.283198
1.290714
1.297833
1.304476
1.310562
1.316007
1.320729
1.324641
1.327660
1.329700
1.330676
1.330507
1.329111
1.326411
1.322332
1.316803
1.309759
1.301139
1.290890
1.278963
1.265319
1.249926
1.232759
1.213802
1.193049
1.170502
1.146173
1.120081
1.092255
1.062735
1.031564
0.998800
0.964502
0.928740
0.891589
0.853132
0.813455
0.772650
0.730812
0.688041
0.644439
0.600110
0.555160
0.509697
0.463828
0.417661
0.371305
0.324865
0.278449
0.232161
0.186104
0.140379
0.095085
0.050319
0.006175
-0.037254
-0.079881
-0.121620
-0.162388
-0.202106
-0.240698
-0.278091
-0.314218
-0.349012
-0.382413
-0.414364
-0.444812
-0.473709
-0.501010
-0.526675
-0.550669
-0.572962
-0.593526
-0.612342
-0.629391
-0.644662
-0.658148
-0.669844
-0.679752
-0.687879
-0.694232
-0.698826
-0.701679
-0.702810
-0.702245
-0.700009
-0.696133
-0.690648
-0.683590
-0.674993
-0.664896
-0.653337
-0.640356
-0.625994
-0.610291
-0.593288
-0.575027
-0.555547
-0.534890
-0.513095
-0.490201
-0.466246
-0.441268
-0.415302
-0.388383
-0.360547
-0.331825
-0.302251
-0.271855
-0.240669
-0.208721
-0.176041
-0.142657
-0.108598
-0.073892
-0.038567
-0.002652
0.033826
0.070836
0.108349
0.146332
0.184755
0.223582
0.262778
0.302305
0.342123
0.382191
0.422463
0.462891
0.503426
0.544013
0.584596
0.625114
0.665504
0.705700
0.745631
0.785223
0.824401
0.863086
0.901194
0.938643
0.975345
1.011214
1.046160
1.080095
1.112930
1.144578
1.174953
1.203972
1.231555
1.257627
1.282117
1.304961
1.326100
1.345485
1.363073
1.378831
1.392734
1.404766
1.414924
1.423211
1.429643
1.434245
1.437050
1.438102
1.437453
1.435164
1.431301
1.425941
1.419162
1.411049
1.401691
1.391181
1.379612
1.367079
1.353679
1.339505
1.324654
1.309215
1.293280
1.276934
1.260260
1.243337
1.226241
1.209040
1.191802
1.174585
1.157447
1.140439
1.123605
1.106988
1.090624
1.074546
1.058782
1.043355
1.028285
1.013589
0.999278
0.985364
0.971852
0.958746
0.946046
0.933753
0.921862
0.910368
0.899264
0.888542
0.878191
0.868200
0.858556
0.849247
0.840258
0.831574
0.823179
0.815059
0.807195
0.799572
0.792173
0.784979
0.777975
0.771142
0.764464
0.757922
0.751500
0.745180
0.738945
0.732778
0.726663
0.720584
0.714523
0.708465
0.702394
0.696295
0.690153
0.683954
0.677682
0.671324
0.664866
0.658296
0.651601
0.644768
0.637786
0.630644
0.623330
0.615836
0.608151
0.600267
0.592174
0.583867
0.575337
0.566578
0.557586
0.548354
0.538879
0.529157
0.519186
0.508965
0.498493
0.487768
0.476794
0.465570
0.454100
0.442387
0.430436
0.418252
0.405841
0.393210
0.380367
0.367320
0.354081
0.340658
0.327063
0.313309
0.299408
0.285375
0.271222
0.256965
0.242620
0.228204
0.213732
0.199222
0.184692
0.170161
0.155646
0.141166
0.126742
0.112392
0.098136
0.083994
0.069986
0.056132
0.042451
0.028964
0.015690
0.002650
-0.010138
-0.022653
-0.034876
-0.046789
-0.058373
-0.069610
-0.080481
-0.090969
-0.101056
-0.110726
-0.119962
-0.128748
-0.137068
-0.144906
-0.152249
-0.159081
-0.165388
-0.171156
-0.176372
-0.181022
-0.185095
-0.188578
-0.191458
-0.193725
-0.195365
-0.196369
-0.196725
-0.196422
-0.195449
-0.193797
-0.191455
-0.188412
-0.184658
-0.180184
-0.174979
-0.169033
-0.162337
-0.154880
-0.146652
-0.137644
-0.127846
-0.117246
-0.105837
-0.093606
-0.080545
-0.066642
-0.051889
-0.036273
-0.019787
-0.002419
0.015841
0.035003
0.055076
0.076070
0.097995
0.120858
0.144670
0.169439
0.195171
0.221874
0.249554
0.278217
0.307866
0.338504
0.370134
0.402755
0.436365
0.470960
0.506535
0.543079
0.580582
0.619028
0.658397
0.698668
0.739813
0.781798
0.824587
0.868136
0.912394
0.957304
1.002803
1.048817
1.095266
1.142062
1.189105
1.236289
1.283496
1.330599
1.377463
1.423941
1.469882
1.515121
1.559489
1.602812
1.644908
1.685594
1.724685
1.761997
1.797348
1.830562
1.861470
1.889915
1.915753
1.938854
1.959106
1.976420
1.990724
2.001975
2.010150
2.015254
2.017316
2.016390
2.012555
2.005913
1.996585
1.984716
1.970462
1.953997
1.935507
1.915184
1.893229
1.869845
1.845235
1.819601
1.793143
1.766054
1.738518
1.710713
1.682806
1.654954
1.627301
1.599982
1.573118
1.546820
1.521186
1.496304
1.472249
1.449088
1.426877
1.405663
1.385485
1.366372
1.348349
1.331430
1.315627
1.300944
1.287380
1.274930
1.263586
1.253333
1.244157
1.236038
1.228953
1.222880
1.217792
1.213659
1.210451
1.208138
1.206683
1.206052
1.206208
1.207111
1.208721
1.210995
1.213890
1.217360
1.221356
1.225829
1.230726
1.235994
1.241576
1.247413
1.253444
1.259606
1.265832
1.272054
1.278201
1.284200
1.289975
1.295449
1.300543
1.305175
1.309263
1.312723
1.315472
1.317425
1.318498
1.318608
1.317674
1.315614
1.312353
1.307816
1.301932
1.294637
1.285869
1.275574
1.263703
1.250215
1.235075
1.218258
1.199744
1.179523
1.157595
1.133966
1.108653
1.081680
1.053080
1.022894
0.991171
0.957968
0.923348
0.887381
0.850144
0.811719
0.772191
0.731651
0.690195
0.647919
0.604923
0.561309
0.517181
0.472643
0.427799
0.382755
0.337613
0.292479
0.247453
0.202637
0.158130
0.114030
0.070430
0.027424
-0.014898
-0.056449
-0.097145
-0.136904
-0.175649
-0.213304
-0.249798
-0.285065
-0.319038
-0.351660
-0.382872
-0.412624
-0.440868
-0.467558
-0.492657
-0.516129
-0.537943
-0.558073
-0.576498
-0.593201
-0.608167
-0.621390
-0.632866
-0.642593
-0.650577
-0.656825
-0.661350
-0.664167
-0.665295
-0.664756
-0.662575
-0.658779
-0.653398
-0.646464
-0.638011
-0.628074
-0.616689
-0.603895
-0.589729
-0.574230
-0.557437
-0.539389
-0.520127
-0.499687
-0.478109
-0.455431
-0.431690
-0.406921
-0.381162
-0.354447
-0.326810
-0.298284
-0.268902
-0.238696
-0.207698
-0.175937
-0.143445
-0.110252
-0.076388
-0.041882
-0.006766
0.028931
0.065176
0.101938
0.139184
0.176879
0.214988
0.253473
0.292295
0.331412
0.370783
0.410359
0.450094
0.489935
0.529830
0.569719
0.609545
0.649242
0.688745
0.727985
0.766889
0.805382
0.843387
0.880822
0.917607
0.953657
0.988886
1.023210
1.056542
1.088797
1.119890
1.149740
1.178265
1.205390
1.231042
1.255153
1.277663
1.298515
1.317662
1.335063
1.350686
1.364508
1.376514
1.386700
1.395069
1.401636
1.406424
1.409467
1.410804
1.410485
1.408568
1.405117
1.400202
1.393899
1.386290
1.377459
1.367493
1.356483
1.344518
1.331691
1.318093
1.303813
1.288939
1.273559
1.257755
1.241606
1.225190
1.208577
1.191836
1.175031
1.158220
1.141457
1.124792
1.108271
1.091933
1.075814
1.059946
1.044358
1.029071
1.014106
0.999480
0.985204
0.971289
0.957740
0.944563
0.931758
0.919325
0.907260
0.895558
0.884212
0.873215
0.862557
0.852226
0.842210
0.832497
0.823072
0.813920
0.805028
0.796377
0.787954
0.779740
0.771719
0.763874
0.756188
0.748644
0.741224
0.733911
0.726687
0.719537
0.712443
0.705387
0.698354
0.691328
0.684291
0.677229
0.670126
0.662967
0.655737
0.648422
0.641008
0.633480
0.625827
0.618035
0.610092
0.601986
0.593707
0.585244
0.576586
0.567724
0.558649
0.549354
0.539829
0.530069
0.520068
0.509818
0.499316
0.488558
0.477540
0.466259
0.454714
0.442903
0.430827
0.418485
0.405879
0.393012
0.379885
0.366503
0.352871
0.338993
0.324876
0.310526
0.295951
0.281160
0.266160
0.250963
0.235579
0.220018
0.204291
0.188412
0.172391
0.156244
0.139983
0.123622
0.107175
0.090656
0.074082
0.057465
0.040823
0.024169
0.007520
-0.009110
-0.025705
-0.042251
-0.058731
-0.075132
-0.091438
-0.107635
-0.123709
-0.139646
-0.155434
-0.171058
-0.186506
-0.201767
-0.216828
-0.231679
-0.246309
-0.260707
-0.274865
-0.288773
-0.302423
-0.315808
-0.328919
-0.341750
-0.354295
-0.366548
-0.378505
-0.390160
-0.401510
-0.412551
-0.423280
-0.433694
-0.443791
-0.453569
-0.463027
-0.472163
-0.480977
-0.489467
-0.497635
-0.505479
-0.513000
-0.520198
-0.527074
-0.533627
-0.539859
-0.545771
-0.551363
-0.556635
-0.561589
-0.566225
-0.570544
-0.574546
-0.578232
-0.581602
-0.584656
-0.587394
-0.589817
-0.591924
-0.593715
-0.595189
-0.596345
-0.597184
-0.597702
-0.597901
-0.597777
-0.597331
-0.596560
-0.595462
-0.594037
-0.592282
-0.590195
-0.587776
-0.585020
-0.581928
-0.578498
-0.574727
-0.570614
-0.566158
-0.561357
-0.556212
-0.550720
-0.544882
-0.538697
-0.532167
-0.525290
-0.518069
-0.510505
-0.502601
-0.494358
-0.485780
-0.476870
-0.467634
-0.458075
-0.448200
-0.438014
-0.427525
-0.416741
-0.405670
-0.394320
-0.382703
-0.370828
-0.358706
-0.346351
-0.333774
-0.320989
-0.308010
-0.294852
-0.281531
-0.268062
-0.254462
-0.240749
-0.226940
-0.213053
-0.199107
-0.185122
-0.171117
-0.157111
-0.143125
-0.129180
-0.115295
-0.101492
-0.087791
-0.074213
-0.060780
-0.047512
-0.034431
-0.021556
-0.008910
0.003489
0.015619
0.027461
0.038994
0.050199
0.061058
0.071550
0.081658
0.091364
0.100649
0.109497
0.117891
0.125814
0.133250
0.140183
0.146598
0.152481
0.157817
0.162591
0.166790
0.170401
0.173410
0.175806
0.177575
0.178706
0.179186
0.179005
0.178150
0.176611
0.174376
0.171436
0.167778
0.163393
0.158270
0.152399
0.145769
0.138370
0.130192
0.121225
0.111459
0.100883
0.089487
0.077262
0.064197
0.050282
0.035508
0.019864
0.003340
-0.014073
-0.032384
-0.051604
-0.071740
-0.092803
-0.114800
-0.137740
-0.161630

];
T = [
0.000000
0.040000
0.080000
0.120000
0.160000
0.200000
0.240000
0.280000
0.320000
0.360000
0.400000
0.440000
0.480000
0.520000
0.560000
0.600000
0.640000
0.680000
0.720000
0.760000
0.800000
0.840000
0.880000
0.920000
0.960000
1.000000
1.040000
1.080000
1.120000
1.160000
1.200000
1.240000
1.280000
1.320000
1.360000
1.400000
1.440000
1.480000
1.520000
1.560000
1.600000
1.640000
1.679999
1.719999
1.759999
1.799999
1.839999
1.879999
1.919999
1.959999
1.999999
2.039999
2.079999
2.119999
2.159999
2.199999
2.239999
2.279999
2.319999
2.359999
2.399999
2.439999
2.479999
2.519999
2.559999
2.599999
2.639999
2.679999
2.719999
2.759999
2.799999
2.839998
2.879998
2.919998
2.959998
2.999998
3.039998
3.079998
3.119998
3.159998
3.199998
3.239998
3.279998
3.319998
3.359998
3.399998
3.439998
3.479998
3.519998
3.559998
3.599998
3.639998
3.679998
3.719998
3.759998
3.799998
3.839998
3.879997
3.919997
3.959997
3.999997
4.039998
4.079998
4.119998
4.159997
4.199997
4.239997
4.279997
4.319997
4.359997
4.399997
4.439997
4.479997
4.519997
4.559997
4.599997
4.639997
4.679997
4.719997
4.759997
4.799997
4.839997
4.879997
4.919997
4.959997
4.999997
5.039997
5.079997
5.119997
5.159997
5.199996
5.239996
5.279996
5.319996
5.359996
5.399996
5.439996
5.479996
5.519996
5.559996
5.599996
5.639996
5.679996
5.719996
5.759996
5.799996
5.839996
5.879996
5.919996
5.959996
5.999996
6.039996
6.079996
6.119996
6.159996
6.199996
6.239995
6.279995
6.319995
6.359995
6.399995
6.439995
6.479995
6.519995
6.559995
6.599995
6.639995
6.679995
6.719995
6.759995
6.799995
6.839995
6.879995
6.919995
6.959995
6.999995
7.039995
7.079995
7.119995
7.159995
7.199995
7.239995
7.279994
7.319994
7.359994
7.399994
7.439994
7.479994
7.519994
7.559994
7.599994
7.639994
7.679994
7.719994
7.759994
7.799994
7.839994
7.879994
7.919994
7.959994
7.999994
8.039994
8.079994
8.119994
8.159994
8.199994
8.239994
8.279994
8.319994
8.359994
8.399994
8.439994
8.479994
8.519994
8.559994
8.599994
8.639994
8.679994
8.719994
8.759994
8.799994
8.839993
8.879993
8.919993
8.959993
8.999993
9.039993
9.079993
9.119993
9.159993
9.199993
9.239993
9.279993
9.319993
9.359993
9.399993
9.439993
9.479993
9.519993
9.559993
9.599993
9.639993
9.679993
9.719993
9.759993
9.799993
9.839993
9.879992
9.919992
9.959992
9.999992
10.039992
10.079992
10.119992
10.159992
10.199992
10.239992
10.279992
10.319992
10.359992
10.399992
10.439992
10.479992
10.519992
10.559992
10.599992
10.639992
10.679992
10.719992
10.759992
10.799992
10.839992
10.879992
10.919991
10.959991
10.999991
11.039991
11.079991
11.119991
11.159991
11.199991
11.239991
11.279991
11.319991
11.359991
11.399991
11.439991
11.479991
11.519991
11.559991
11.599991
11.639991
11.679991
11.719991
11.759991
11.799991
11.839991
11.879991
11.919991
11.959991
11.999990
12.039990
12.079990
12.119990
12.159990
12.199990
12.239990
12.279990
12.319990
12.359990
12.399990
12.439990
12.479990
12.519990
12.559990
12.599990
12.639990
12.679990
12.719990
12.759990
12.799990
12.839990
12.879990
12.919990
12.959990
12.999990
13.039989
13.079989
13.119989
13.159989
13.199989
13.239989
13.279989
13.319989
13.359989
13.399989
13.439989
13.479989
13.519989
13.559989
13.599989
13.639989
13.679989
13.719989
13.759989
13.799989
13.839989
13.879989
13.919989
13.959989
13.999989
14.039989
14.079988
14.119988
14.159988
14.199988
14.239988
14.279988
14.319988
14.359988
14.399988
14.439988
14.479988
14.519988
14.559988
14.599988
14.639988
14.679988
14.719988
14.759988
14.799988
14.839988
14.879988
14.919988
14.959988
14.999988
15.039988
15.079988
15.119987
15.159987
15.199987
15.239987
15.279987
15.319987
15.359987
15.399987
15.439987
15.479987
15.519987
15.559987
15.599987
15.639987
15.679987
15.719987
15.759987
15.799987
15.839987
15.879987
15.919987
15.959987
15.999987
16.039988
16.079988
16.119989
16.159990
16.199991
16.239992
16.279993
16.319994
16.359995
16.399996
16.439997
16.479998
16.519999
16.559999
16.600000
16.640001
16.680002
16.720003
16.760004
16.800005
16.840006
16.880007
16.920008
16.960009
17.000010
17.040010
17.080011
17.120012
17.160013
17.200014
17.240015
17.280016
17.320017
17.360018
17.400019
17.440020
17.480021
17.520021
17.560022
17.600023
17.640024
17.680025
17.720026
17.760027
17.800028
17.840029
17.880030
17.920031
17.960032
18.000032
18.040033
18.080034
18.120035
18.160036
18.200037
18.240038
18.280039
18.320040
18.360041
18.400042
18.440042
18.480043
18.520044
18.560045
18.600046
18.640047
18.680048
18.720049
18.760050
18.800051
18.840052
18.880053
18.920053
18.960054
19.000055
19.040056
19.080057
19.120058
19.160059
19.200060
19.240061
19.280062
19.320063
19.360064
19.400064
19.440065
19.480066
19.520067
19.560068
19.600069
19.640070
19.680071
19.720072
19.760073
19.800074
19.840075
19.880075
19.920076
19.960077
20.000078
20.040079
20.080080
20.120081
20.160082
20.200083
20.240084
20.280085
20.320086
20.360086
20.400087
20.440088
20.480089
20.520090
20.560091
20.600092
20.640093
20.680094
20.720095
20.760096
20.800097
20.840097
20.880098
20.920099
20.960100
21.000101
21.040102
21.080103
21.120104
21.160105
21.200106
21.240107
21.280107
21.320108
21.360109
21.400110
21.440111
21.480112
21.520113
21.560114
21.600115
21.640116
21.680117
21.720118
21.760118
21.800119
21.840120
21.880121
21.920122
21.960123
22.000124
22.040125
22.080126
22.120127
22.160128
22.200129
22.240129
22.280130
22.320131
22.360132
22.400133
22.440134
22.480135
22.520136
22.560137
22.600138
22.640139
22.680140
22.720140
22.760141
22.800142
22.840143
22.880144
22.920145
22.960146
23.000147
23.040148
23.080149
23.120150
23.160151
23.200151
23.240152
23.280153
23.320154
23.360155
23.400156
23.440157
23.480158
23.520159
23.560160
23.600161
23.640162
23.680162
23.720163
23.760164
23.800165
23.840166
23.880167
23.920168
23.960169
24.000170
24.040171
24.080172
24.120173
24.160173
24.200174
24.240175
24.280176
24.320177
24.360178
24.400179
24.440180
24.480181
24.520182
24.560183
24.600183
24.640184
24.680185
24.720186
24.760187
24.800188
24.840189
24.880190
24.920191
24.960192
25.000193
25.040194
25.080194
25.120195
25.160196
25.200197
25.240198
25.280199
25.320200
25.360201
25.400202
25.440203
25.480204
25.520205
25.560205
25.600206
25.640207
25.680208
25.720209
25.760210
25.800211
25.840212
25.880213
25.920214
25.960215
26.000216
26.040216
26.080217
26.120218
26.160219
26.200220
26.240221
26.280222
26.320223
26.360224
26.400225
26.440226
26.480227
26.520227
26.560228
26.600229
26.640230
26.680231
26.720232
26.760233
26.800234
26.840235
26.880236
26.920237
26.960238
27.000238
27.040239
27.080240
27.120241
27.160242
27.200243
27.240244
27.280245
27.320246
27.360247
27.400248
27.440248
27.480249
27.520250
27.560251
27.600252
27.640253
27.680254
27.720255
27.760256
27.800257
27.840258
27.880259
27.920259
27.960260
28.000261
28.040262
28.080263
28.120264
28.160265
28.200266
28.240267
28.280268
28.320269
28.360270
28.400270
28.440271
28.480272
28.520273
28.560274
28.600275
28.640276
28.680277
28.720278
28.760279
28.800280
28.840281
28.880281
28.920282
28.960283
29.000284
29.040285
29.080286
29.120287
29.160288
29.200289
29.240290
29.280291
29.320292
29.360292
29.400293
29.440294
29.480295
29.520296
29.560297
29.600298
29.640299
29.680300
29.720301
29.760302
29.800303
29.840303
29.880304
29.920305
29.960306
30.000307
30.040308
30.080309
30.120310
30.160311
30.200312
30.240313
30.280313
30.320314
30.360315
30.400316
30.440317
30.480318
30.520319
30.560320
30.600321
30.640322
30.680323
30.720324
30.760324
30.800325
30.840326
30.880327
30.920328
30.960329
31.000330
31.040331
31.080332
31.120333
31.160334
31.200335
31.240335
31.280336
31.320337
31.360338
31.400339
31.440340
31.480341
31.520342
31.560343
31.600344
31.640345
31.680346
31.720346
31.760347
31.800348
31.840349
31.880350
31.920351
31.960352
32.000351
32.040352
32.080353
32.120354
32.160355
32.200356
32.240356
32.280357
32.320358
32.360359
32.400360
32.440361
32.480362
32.520363
32.560364
32.600365
32.640366
32.680367
32.720367
32.760368
32.800369
32.840370
32.880371
32.920372
32.960373
33.000374
33.040375
33.080376
33.120377
33.160378
33.200378
33.240379
33.280380
33.320381
33.360382
33.400383
33.440384
33.480385
33.520386
33.560387
33.600388
33.640388
33.680389
33.720390
33.760391
33.800392
33.840393
33.880394
33.920395
33.960396
34.000397
34.040398
34.080399
34.120399
34.160400
34.200401
34.240402
34.280403
34.320404
34.360405
34.400406
34.440407
34.480408
34.520409
34.560410
34.600410
34.640411
34.680412
34.720413
34.760414
34.800415
34.840416
34.880417
34.920418
34.960419
35.000420
35.040421
35.080421
35.120422
35.160423
35.200424
35.240425
35.280426
35.320427
35.360428
35.400429
35.440430
35.480431
35.520432
35.560432
35.600433
35.640434
35.680435
35.720436
35.760437
35.800438
35.840439
35.880440
35.920441
35.960442
36.000443
36.040443
36.080444
36.120445
36.160446
36.200447
36.240448
36.280449
36.320450
36.360451
36.400452
36.440453
36.480453
36.520454
36.560455
36.600456
36.640457
36.680458
36.720459
36.760460
36.800461
36.840462
36.880463
36.920464
36.960464
37.000465
37.040466
37.080467
37.120468
37.160469
37.200470
37.240471
37.280472
37.320473
37.360474
37.400475
37.440475
37.480476
37.520477
37.560478
37.600479
37.640480
37.680481
37.720482
37.760483
37.800484
37.840485
37.880486
37.920486
37.960487
38.000488
38.040489
38.080490
38.120491
38.160492
38.200493
38.240494
38.280495
38.320496
38.360497
38.400497
38.440498
38.480499
38.520500
38.560501
38.600502
38.640503
38.680504
38.720505
38.760506
38.800507
38.840508
38.880508
38.920509
38.960510
39.000511
39.040512
39.080513
39.120514
39.160515
39.200516
39.240517
39.280518
39.320518
39.360519
39.400520
39.440521
39.480522
39.520523
39.560524
39.600525
39.640526
39.680527
39.720528
39.760529
39.800529
39.840530
39.880531
39.920532
39.960533
40.000534
40.040535
40.080536
40.120537
40.160538
40.200539
40.240540
40.280540
40.320541
40.360542
40.400543
40.440544
40.480545
40.520546
40.560547
40.600548
40.640549
40.680550
40.720551
40.760551
40.800552
40.840553
40.880554
40.920555
40.960556
41.000557
41.040558
41.080559
41.120560
41.160561
41.200562
41.240562
41.280563
41.320564
41.360565
41.400566
41.440567
41.480568
41.520569
41.560570
41.600571
41.640572
41.680573
41.720573
41.760574
41.800575
41.840576
41.880577
41.920578
41.960579
42.000580
42.040581
42.080582
42.120583
42.160583
42.200584
42.240585
42.280586
42.320587
42.360588
42.400589
42.440590
42.480591
42.520592
42.560593
42.600594
42.640594
42.680595
42.720596
42.760597
42.800598
42.840599
42.880600
42.920601
42.960602
43.000603
43.040604
43.080605
43.120605
43.160606
43.200607
43.240608
43.280609
43.320610
43.360611
43.400612
43.440613
43.480614
43.520615
43.560616
43.600616
43.640617
43.680618
43.720619
43.760620
43.800621
43.840622
43.880623
43.920624
43.960625
44.000626
44.040627
44.080627
44.120628
44.160629
44.200630
44.240631
44.280632
44.320633
44.360634
44.400635
44.440636
44.480637
44.520638
44.560638
44.600639
44.640640
44.680641
44.720642
44.760643
44.800644
44.840645
44.880646
44.920647
44.960648
45.000648
45.040649
45.080650
45.120651
45.160652
45.200653
45.240654
45.280655
45.320656
45.360657
45.400658
45.440659
45.480659
45.520660
45.560661
45.600662
45.640663
45.680664
45.720665
45.760666
45.800667
45.840668
45.880669
45.920670
45.960670
46.000671
46.040672
46.080673
46.120674
46.160675
46.200676
46.240677
46.280678
46.320679
46.360680
46.400681
46.440681
46.480682
46.520683
46.560684
46.600685
46.640686
46.680687
46.720688
46.760689
46.800690
46.840691
46.880692
46.920692
46.960693
47.000694
47.040695
47.080696
47.120697
47.160698
47.200699
47.240700
47.280701
47.320702
47.360703
47.400703
47.440704
47.480705
47.520706
47.560707
47.600708
47.640709
47.680710
47.720711
47.760712
47.800713
47.840714
47.880714
47.920715
47.960716
48.000717
48.040718
48.080719
48.120720
48.160721
48.200722
48.240723
48.280724
48.320724
48.360725
48.400726
48.440727
48.480728
48.520729
48.560730
48.600731
48.640732
48.680733
48.720734
48.760735
48.800735
48.840736
48.880737
48.920738
48.960739
49.000740
49.040741
49.080742
49.120743
49.160744
49.200745
49.240746
49.280746
49.320747
49.360748
49.400749
49.440750
49.480751
49.520752
49.560753
49.600754
49.640755
49.680756
49.720757
49.760757
49.800758
49.840759
49.880760
49.920761
49.960762
50.000763
50.040764
50.080765
50.120766
50.160767
50.200768
50.240768
50.280769
50.320770
50.360771
50.400772
50.440773
50.480774
50.520775
50.560776
50.600777
50.640778
50.680779
50.720779
50.760780
50.800781
50.840782
50.880783
50.920784
50.960785
51.000786
51.040787
51.080788
51.120789
51.160789
51.200790
51.240791
51.280792
51.320793
51.360794
51.400795
51.440796
51.480797
51.520798
51.560799
51.600800
51.640800
51.680801
51.720802
51.760803
51.800804
51.840805
51.880806
51.920807
51.960808
52.000809
52.040810
52.080811
52.120811
52.160812
52.200813
52.240814
52.280815
52.320816
52.360817
52.400818
52.440819
52.480820
52.520821
52.560822
52.600822
52.640823
52.680824
52.720825
52.760826
52.800827
52.840828
52.880829
52.920830
52.960831
53.000832
53.040833
53.080833
53.120834
53.160835
53.200836
53.240837
53.280838
53.320839
53.360840
53.400841
53.440842
53.480843
53.520844
53.560844
53.600845
53.640846
53.680847
53.720848
53.760849
53.800850
53.840851
53.880852
53.920853
53.960854
54.000854
54.040855
54.080856
54.120857
54.160858
54.200859
54.240860
54.280861
54.320862
54.360863
54.400864
54.440865
54.480865
54.520866
54.560867
54.600868
54.640869
54.680870
54.720871
54.760872
54.800873
54.840874
54.880875
54.920876
54.960876
55.000877
55.040878
55.080879
55.120880
55.160881
55.200882
55.240883
55.280884
55.320885
55.360886
55.400887
55.440887
55.480888
55.520889
55.560890
55.600891
55.640892
55.680893
55.720894
55.760895
55.800896
55.840897
55.880898
55.920898
55.960899
56.000900
56.040901
56.080902
56.120903
56.160904
56.200905
56.240906
56.280907
56.320908
56.360909
56.400909
56.440910
56.480911
56.520912
56.560913
56.600914
56.640915
56.680916
56.720917
56.760918
56.800919
56.840919
56.880920
56.920921
56.960922
57.000923
57.040924
57.080925
57.120926
57.160927
57.200928
57.240929
57.280930
57.320930
57.360931
57.400932
57.440933
57.480934
57.520935
57.560936
57.600937
57.640938
57.680939
57.720940
57.760941
57.800941
57.840942
57.880943
57.920944
57.960945
58.000946
58.040947
58.080948
58.120949
58.160950
58.200951
58.240952
58.280952
58.320953
58.360954
58.400955
58.440956
58.480957
58.520958
58.560959
58.600960
58.640961
58.680962
58.720963
58.760963
58.800964
58.840965
58.880966
58.920967
58.960968
59.000969
59.040970
59.080971
59.120972
59.160973
59.200974
59.240974
59.280975
59.320976
59.360977
59.400978
59.440979
59.480980
59.520981
59.560982
59.600983
59.640984
59.680984
59.720985
59.760986
59.800987
59.840988
59.880989
59.920990
59.960991
60.000992
60.040993
60.080994
60.120995
60.160995
60.200996
60.240997
60.280998
60.320999
60.361000
60.401001
60.441002
60.481003
60.521004
60.561005
60.601006
60.641006
60.681007
60.721008
60.761009
60.801010
60.841011
60.881012
60.921013
60.961014
61.001015
61.041016
61.081017
61.121017
61.161018
61.201019
61.241020
61.281021
61.321022
61.361023
61.401024
61.441025
61.481026
61.521027
61.561028
61.601028
61.641029
61.681030
61.721031
61.761032
61.801033
61.841034
61.881035
61.921036
61.961037
62.001038
62.041039
62.081039
62.121040
62.161041
62.201042
62.241043
62.281044
62.321045
62.361046
62.401047
62.441048
62.481049
62.521049
62.561050
62.601051
62.641052
62.681053
62.721054
62.761055
62.801056
62.841057
62.881058
62.921059
62.961060
63.001060
63.041061
63.081062
63.121063
63.161064
63.201065
63.241066
63.281067
63.321068
63.361069
63.401070
63.441071
63.481071
63.521072
63.561073
63.601074
63.641075
63.681076
63.721077
63.761078
63.801079
63.841080
63.881081
63.921082
63.961082
64.001083
64.041084
64.081085
64.121086
64.161087
64.201088
64.241089
64.281090
64.321091
64.361092
64.401093
64.441093
64.481094
64.521095
64.561096
64.601097
64.641098
64.681099
64.721100
64.761101
64.801102
64.841103
64.881104
64.921104
64.961105
65.001106
65.041107
65.081108
65.121109
65.161110
65.201111
65.241112
65.281113
65.321114
65.361115
65.401115
65.441116
65.481117
65.521118
65.561119
65.601120
65.641121
65.681122
65.721123
65.761124
65.801125
65.841125
65.881126
65.921127
65.961128
66.001129
66.041130
66.081131
66.121132
66.161133
66.201134
66.241135
66.281136
66.321136
66.361137
66.401138
66.441139
66.481140
66.521141
66.561142
66.601143
66.641144
66.681145
66.721146
66.761147
66.801147
66.841148
66.881149
66.921150
66.961151
67.001152
67.041153
67.081154
67.121155
67.161156
67.201157
67.241158
67.281158
67.321159
67.361160
67.401161
67.441162
67.481163
67.521164
67.561165
67.601166
67.641167
67.681168
67.721169
67.761169
67.801170
67.841171
67.881172
67.921173
67.961174
68.001175
68.041176
68.081177
68.121178
68.161179
68.201180
68.241180
68.281181
68.321182
68.361183
68.401184
68.441185
68.481186
68.521187
68.561188
68.601189
68.641190
68.681190
68.721191
68.761192
68.801193
68.841194
68.881195
68.921196
68.961197
69.001198
69.041199
69.081200
69.121201
69.161201
69.201202
69.241203
69.281204
69.321205
69.361206
69.401207
69.441208
69.481209
69.521210
69.561211
69.601212
69.641212
69.681213
69.721214
69.761215
69.801216
69.841217
69.881218
69.921219
69.961220
70.001221
70.041222
70.081223
70.121223
70.161224
70.201225
70.241226
70.281227
70.321228
70.361229
70.401230
70.441231
70.481232
70.521233
70.561234
70.601234
70.641235
70.681236
70.721237
70.761238
70.801239
70.841240
70.881241
70.921242
70.961243
71.001244
71.041245
71.081245
71.121246
71.161247
71.201248
71.241249
71.281250
71.321251
71.361252
71.401253
71.441254
71.481255
71.521255
71.561256
71.601257
71.641258
71.681259
71.721260
71.761261
71.801262
71.841263
71.881264
71.921265
71.961266
72.001266
72.041267
72.081268
72.121269
72.161270
72.201271
72.241272
72.281273
72.321274
72.361275
72.401276
72.441277
72.481277
72.521278
72.561279
72.601280
72.641281
72.681282
72.721283
72.761284
72.801285
72.841286
72.881287
72.921288
72.961288
73.001289
73.041290
73.081291
73.121292
73.161293
73.201294
73.241295
73.281296
73.321297
73.361298
73.401299
73.441299
73.481300
73.521301
73.561302
73.601303
73.641304
73.681305
73.721306
73.761307
73.801308
73.841309
73.881310
73.921310
73.961311
74.001312
74.041313
74.081314
74.121315
74.161316
74.201317
74.241318
74.281319
74.321320
74.361320
74.401321
74.441322
74.481323
74.521324
74.561325
74.601326
74.641327
74.681328
74.721329
74.761330
74.801331
74.841331
74.881332
74.921333
74.961334
75.001335
75.041336
75.081337
75.121338
75.161339
75.201340
75.241341
75.281342
75.321342
75.361343
75.401344
75.441345
75.481346
75.521347
75.561348
75.601349
75.641350
75.681351
75.721352
75.761353
75.801353
75.841354
75.881355
75.921356
75.961357
76.001358
76.041359
76.081360
76.121361
76.161362
76.201363
76.241364
76.281364
76.321365
76.361366
76.401367
76.441368
76.481369
76.521370
76.561371
76.601372
76.641373
76.681374
76.721375
76.761375
76.801376
76.841377
76.881378
76.921379
76.961380
77.001381
77.041382
77.081383
77.121384
77.161385
77.201385
77.241386
77.281387
77.321388
77.361389
77.401390
77.441391
77.481392
77.521393
77.561394
77.601395
77.641396
77.681396
77.721397
77.761398
77.801399
77.841400
77.881401
77.921402
77.961403
78.001404
78.041405
78.081406
78.121407
78.161407
78.201408
78.241409
78.281410
78.321411
78.361412
78.401413
78.441414
78.481415
78.521416
78.561417
78.601418
78.641418
78.681419
78.721420
78.761421
78.801422
78.841423
78.881424
78.921425
78.961426
79.001427
79.041428
79.081429
79.121429
79.161430
79.201431
79.241432
79.281433
79.321434
79.361435
79.401436
79.441437
79.481438
79.521439
79.561440
79.601440
79.641441
79.681442
79.721443
79.761444
79.801445
79.841446
79.881447
79.921448
79.961449
80.001450

];
h_ = figure(1);
figure(1);
plot(T,Theta);
title('Osc Motion and Chaos - Results.txt')
xlabel('Time (s)');
ylabel('Theta (deg)');